   4070
   7537
   3978
   8855
  22602
  87596
   4128
    276
  35350
    915
  45006
   1038
    198
  30248
   1019
    150
   2167
 109959
  39799
   7636
   6615
   2431
    723
  17242
   1521
   1933
  22426
  12816
   5740
    764
     70
  13901
  72636
   6233
   5300
  64312
  15718
   4215
    851
    622
   1347
    452
   1962
   1082
  78160
  36432
 317514
 179359
  17477
    401
    131
   5917
   2597
  40582
   1443
  49916
   1894
  37759
   5552
   5227
   1947
   1053
  55614
   2588
   5172
  17557
  32027
 211307
   6701
   5005
  11474
   1710
   4428
    439
 122204
   7911
  18035
  14254
   9513
  11159
   8478
   1922
   2068
  21719
   2072
   4854
   4827
  50072
   3792
  22536
  35068
  13275
  25481
   4562
   1614
  34281
   1061
   3102
  20964
    579
   2799
  11673
  30035
  10487
   1793
   2142
  11343
   4664
   2930
 164927
   9431
   4909
   9407
     38
  28486
   2163
    253
    529
   5212
 139074
   1961
  16353
    394
    690
   5803
   3744
   2203
   3206
   2025
   9025
   1290
    409
   7235
   4768
   3063
  15216
   1320
   9987
   7427
  13673
   1361
   1857
  10607
  10171
   5381
   8298
  14844
   3274
   2133
   6717
   1922
   5629
   1628
     89
   1638
   1319
   3098
   9325
   2083
   3148
    674
   1325
  26696
   8950
   3177
   1028
   4042
  48424
   1015
   2587
   1294
   1583
  44959
   3293
   3520
   2559
   4238
   3693
  41980
 372148
  12449
  52818
   1924
   1069
   2529
   4802
   2029
    265
   7822
    699
    790
  16426
   8417
   9779
  24459
   1349
  17150
    112
   4260
   7981
   2958
   6059
  12064
   4160
    688
   4170
  70499
   4381
  15397
   7479
   1007
    502
   4318
   6350
   8751
   4076
   3377
   8390
   2693
  22272
   7643
    514
   3750
   1092
  15609
   1290
   2062
   3350
  13024
   6580
   2389
   2271
   5509
   2721
    121
  52914
   6055
   5630
  15146
   3557
   6625
    247
  65365
   5080
    245
 102451
   7522
   3481
   3120
   4800
   4373
    612
   1856
    361
    245
    686
  17558
  11107
   6867
   5065
    667
    284
    834
   5629
   3057
   6369
   6570
   6735
   5528
   6204
   2810
   3949
   1127
   5982
  18528
   2040
  64417
   1464
   1649
   3962
   5350
   7426
    778
 261819
   6352
   6417
    549
  10094
   2954
   4921
  62976
  13276
  10068
   2669
 102720
   3673
   5095
   5099
  27002
   5455
   1466
  24084
   2685
   1177
   4758
   1444
   3188
  87187
   3209
  23332
  21745
   4006
  18133
   1373
   3417
   4316
  18061
   5530
  17540
    536
  44434
    604
  10094
    934
   3303
  20908
  10673
   9542
    784
  11053
   4054
   3969
  15989
   7779
   1353
  16410
   1912
   2404
   6107
   1955
  16775
   2626
   6219
  16435
   1948
  12295
    443
    955
   5999
    371
  16816
   3303
   3704
    972
   2055
   5309
   3277
   3307
   8367
   5333
  10027
    450
   1183
     82
   6021
   7924
   3704
   7388
  68538
   1633
   2477
    867
  57656
   1391
   1631
   1764
  10252
   5688
   1120
   1814
   2481
   4309
   1360
  10432
   4379
   4687
 368310
   4316
    109
   8756
    392
   6108
  53788
     77
   4118
   7049
   4320
  12310
    907
    392
   1654
   2273
   6063
   5821
    549
   3945
   8011
  36520
   7596
   7358
   8429
   1342
   3419
   3715
   8371
    667
   4032
   1317
   1567
  17059
   5689
   3493
    888
   2360
  23366
   5697
   9815
   2405
  11814
   3017
   2669
    533
   1884
   5727
    693
   3605
    812
   1408
   2314
   4973
  10542
  28859
   4560
    559
   2684
  52258
   3066
    194
   5750
  14719
   4969
  18243
   4376
  34311
   7563
   2438
   4245
  17156
   7776
    714
   1679
   8181
  26434
    787
   7636
   1800
  15871
   2317
  60361
   2326
  19631
    923
   1074
   5021
   1312
    431
    441
   3919
   6891
    105
   2377
   1643
   5302
    460
    828
   1493
  23202
   1764
    194
    720
   2180
   2924
  19187
   1444
   2551
    476
  26562
  27687
   3490
   9850
   1215
    421
   3703
  34413
    646
   7404
  29227
    733
   5774
  18274
    235
   1094
   7451
   5142
   1074
   1477
   7677
   1390
  26321
   7893
    458
   1771
  23151
   1702
    820
   3263
   3031
  19798
   4635
  13499
    347
   4276
    984
  20485
   8229
  13117
   1973
   6834
   4923
   2557
   6955
  10755
    669
   5145
    109
   2383
   2724
  78572
  11741
 436103
   6639
    192
   2535
   1995
  24694
   2756
  21577
    655
   3383
   3642
     64
   3627
   5472
   3788
   1240
   5288
   1604
   1721
    763
  11906
   1442
   2713
   1894
   2261
    301
  96957
   7868
   2961
  11552
   1744
   2168
  12654
   3237
 307977
   8770
   1661
  38582
   6639
   2265
    970
   5987
  11323
   5732
  35730
   7307
  95731
   1931
   2901
 131185
   3292
   3838
  45485
   2267
  21463
    370
   2670
    417
   3046
    549
  41380
  10325
  32314
   4126
   8283
  14319
    474
  21733
   5128
   2974
 217166
   2898
   6455
   7210
  13279
  20652
     97
     69
   5558
   5431
   3409
   2647
    338
   6362
    239
   9077
   7041
   3504
   2901
   3673
    264
   8698
   1747
   4567
   7396
   2346
    383
   2242
    266
  16270
   3761
   3633
    357
  16404
   5886
    502
    123
    274
    816
   4224
    985
   2992
    684
    434
  14414
   5566
   3876
  12908
   1364
  72623
    190
   1107
    366
  32334
   1976
   7688
    685
   3066
   1519
   3592
   9554
  10800
   8651
   3370
  15883
   3037
  64210
  95704
  29502
  11841
   7241
   1738
   1999
    186
    279
   1019
   8598
 137929
   3388
   2597
    365
  10114
   4317
  25063
  14130
   2443
   7061
  92971
   3722
   2662
  12441
  13196
   7339
   9832
   3491
    604
   7553
  19181
    232
   2623
  13223
   5715
   5812
   2285
    782
   1627
   4529
   1550
   1087
  39488
   5494
    583
   1394
  14162
   5806
   1355
   7331
   3543
    616
   8289
   2650
   4227
    721
   1194
   1212
    642
 105351
   4714
   1777
   6181
 202628
  27750
   1147
   5923
   3834
  54399
   5690
   3732
   1232
   2153
   9236
   5613
   6031
  11425
  40201
    800
    675
   7364
  18520
   1046
 177263
 116246
   6798
   2311
   7839
   1975
   4777
    921
   2527
   2326
  10263
   2265
   3809
 330559
  18824
  10005
   1576
   2493
  11288
     55
   1258
    218
     70
   1418
    864
    188
    135
    234
   7355
   4144
   5223
   5104
  63889
    644
   2361
   1518
  24375
   1519
   4140
    592
   6316
  16112
    853
   2569
   4663
    148
   2109
    640
    254
  11183
  11877
   5683
    294
   2156
 177021
   4612
  11547
   2311
   9251
  18303
   4988
   3463
  56863
  15946
   3441
   5482
   2000
  13716
   3059
   2883
   6854
   1060
   2623
   3351
   2168
   4702
  12455
   2661
   1602
 122843
    511
   3026
   8329
   2123
   2929
   3216
   1823
  13835
   1363
   1769
   6070
   2269
    918
   2135
  61455
    693
   7369
    296
    658
   9761
   8839
   2004
   5001
   1244
  21944
   3042
   2006
   1255
   5830
    451
   2118
    669
   4511
  13099
   3280
   4825
   2069
   2668
   3289
   1191
   1312
  57062
   4489
   2503
   4637
   1321
   3979
    291
   5125
   8176
   5065
  12193
   3312
  15106
   5071
   2337
   4981
  36054
   1307
    260
   5608
   6364
   2338
   8666
   2239
   5925
   2040
   1692
  12334
  41706
    899
    900
   2254
  38065
  36342
   1360
  13913
    834
   1330
   8239
   3115
   3042
  33172
   5253
   1750
   3352
   5896
    653
   3069
   2371
   3455
    733
    626
   6362
  19954
    925
   1551
   2067
   4787
   3920
    390
    366
   3387
   3202
   3598
   2626
   4156
    779
    773
   5498
   1278
    974
    587
     91
    964
   1940
  90400
    287
  48997
    724
   9764
   1448
   1920
   8494
   1498
   9721
   3018
    364
   8238
 256985
   9492
   1177
   5149
   3036
   6045
   5462
    922
   2151
   7049
  19597
   1560
  16116
  26249
   4740
   4851
   9668
  16745
   2374
  24062
  10061
    316
   8681
  16288
   3802
   9217
   7919
   6297
   2057
  24470
   3050
   1135
   6949
   1155
   3187
   4965
   4327
   1864
   3986
  16970
   1871
   7522
   7904
  28232
    542
  39689
   2862
   1264
   4000
    796
   1340
   1004
  25387
   1601
   7839
   2938
   4450
   1408
  43279
   1236
    743
    161
   3686
   4064
   8981
   3875
   4177
    469
  82104
  41554
    560
   2344
 217138
    819
   1756
   2010
      5
    418
   1220
  20553
    574
    884
   1393
   6335
   1346
   5972
   2513
  26007
   4043
   1703
   1706
  18301
     57
   7220
   6639
    528
   3153
  12711
   1807
  55217
  44728
   4661
  23304
   7266
   1341
 483632
   3768
    502
   5998
  12975
  25104
    178
   2553
   1498
 244310
   2185
  16387
  18950
   7391
   6788
    811
  16417
    299
   2667
  89819
  30147
   3411
   4946
  46050
   5025
   2660
    188
  49641
  19937
  52474
   9846
  28539
   6637
   2602
   1458
   6881
   8578
  10614
   3674
   1404
  26453
   2023
  31645
  73345
  79482
   3018
  96563
 105578
   6184
   5318
   4399
   1086
   7053
   3807
  12140
   4621
   6909
   3016
   5302
   2045
   7023
   1591
   2644
  25612
    727
   1509
    194
   3482
   4912
  16003
   4819
   1950
  42016
   1248
   4479
  12838
   3751
   7414
   2408
  60169
   3082
   3852
   4853
   1197
    286
  13697
  11093
    847
   7803
  17574
   9657
   1230
  42664
   1016
   3465
   7361
   4377
    748
  11450
   1070
   2469
   2296
   2202
   7104
   2441
   3077
   2865
   3944
   3431
   1692
   7517
   3540
   4330
  60590
  44682
   4177
   3328
   6885
 113717
   5846
   2072
   3513
   3741
  22298
  20486
   3754
   4965
   2457
   2317
    449
   2987
   2708
   3308
    811
   5384
  14655
   1478
   8552
   1330
   3463
   2707
    900
   7726
   1795
 535183
    967
   4506
  11695
  30060
  30022
   1277
    859
  32888
   9507
  17564
   5773
   2853
   6372
   4195
  69860
   1040
   1223
   1604
  23799
   1091
    572
    707
  17351
  18156
   4722
  15356
  19327
   2122
  17062
   2593
   2438
   4149
  28584
   3299
    293
    223
   2049
   6271
   2544
   2359
   2587
   1345
   3936
   3839
  14789
  10804
   1569
    680
 160661
   1036
   2350
    760
 767367
   5831
   6864
   3049
  46021
   2647
   7916
    538
  25095
   8220
   9356
    993
  10399
    986
   5789
    122
   5128
    617
   2074
    867
   1519
   8427
   7444
    135
   5515
     69
    378
   2187
   6210
  69377
   4955
   5485
   1254
   5183
   1113
 376649
    217
   8022
   9772
  14203
   3558
   3964
   1056
   2706
   7998
   9988
    563
   4120
   3037
    355
   4337
   1261
  10633
  12069
   5648
    968
  33744
   5334
    456
     82
   2052
   3891
   3801
  19427
   3327
   1645
   2049
   5958
  31323
   1737
   4408
   6098
   6477
   2656
  11768
   8846
   7440
   4277
  36301
  20321
   3460
  11784
   1247
    189
  16916
  13868
   4209
   4545
   1537
   8191
    936
    155
   1611
  46762
   5263
   1244
   1010
   4380
   6547
   4860
   3026
   6252
   6386
   3470
 169120
   2508
  15562
  10996
   3732
   6643
   1621
   1186
   4204
   1542
  59817
   9874
   4148
   7208
    288
   3110
  11432
    718
   3818
   8715
     77
   4791
   8849
   3950
   2183
   1250
  11340
   4731
    237
   1075
    686
   4026
    317
   4098
  12505
   5592
   1677
  84763
   4318
  15378
   8709
  18846
   7233
   1092
    202
  32150
  10835
    911
   3483
   3235
   6407
   7129
   5356
   2306
   1023
   7315
  11705
   1752
   1077
    591
   2953
    247
  17469
   1152
   1839
   2335
   4854
  35829
 106598
   6376
   4423
    898
    502
   3851
    588
  22082
   1052
   1135
   2222
   6956
   3098
   4200
   2329
   2639
  13273
    390
   4694
    918
   2787
   1359
    551
   4912
   4124
  16874
   2129
  14975
  19812
   5372
   1650
   2173
    917
   6531
    375
   4460
   1954
   3954
   4300
   3116
  31749
    159
  11289
   4902
   3304
   9621
   3129
   1242
   7694
   4116
    941
  67217
   7006
   2388
   4122
   4001
  79267
   1115
   9056
    531
   1811
   1523
    902
   1523
    548
   8882
 207358
   1473
   2679
   4309
    775
   7542
   6607
  52330
   7023
  20811
   6909
  26435
   2780
   8162
   1884
  18839
   1570
  11212
    280
   5863
   1454
   5298
  26833
   1431
    286
  29744
  10700
    861
  12620
   4494
    200
  47317
    593
  55971
   3779
  17528
    671
   4026
   8637
    494
   1762
    398
   5389
   1862
    478
   5600
 248032
 115810
  21661
   2297
   9693
   6386
   5239
   3232
  33167
   3266
  18571
   7103
  19467
   4236
   3764
   7173
  14567
    134
    919
  77883
   2008
   5403
  43839
  43389
   2370
  43832
    807
    781
   1398
  17888
  12250
   6802
   2290
   1318
   5206
  24276
   5442
   1980
   3372
   2512
   2455
   8555
   8975
   2286
    442
   1637
    868
   1781
   5844
   4555
 380470
   1669
   3944
   7154
  10336
   2555
  12262
   2368
  23290
  10993
  51830
  13797
    838
  13110
   2427
    123
   3858
   2604
   2993
    806
 208627
   3378
   2603
    697
   1744
   3039
   4220
  14677
   4400
    259
    941
   2415
   3610
   6253
    788
  26919
   9423
  46711
   1070
  10179
  12715
   8371
    171
  20239
   2736
    397
   1231
   1349
   4277
   5952
   1044
   2064
   1029
   3068
   1281
   3876
   2277
   1514
  11028
    908
  48846
   4338
  26093
   7370
   2169
    592
  10027
   3202
   3905
   1096
    880
  62151
   8745
   2865
   1246
     60
   3905
    340
   1790
  26786
    307
    640
  12084
   2797
   1755
   2948
   5219
   8283
  10496
  17509
   9562
  13643
   3690
   4375
  16873
   1851
   5416
   1063
  21221
   2991
  14938
   8824
  16923
  10259
  17341
  11287
   5054
  20202
  10880
   6738
   4591
   4052
   6828
    655
   1901
  12538
   1704
  42991
  25348
   3701
   3882
   1871
   3827
  14825
   2167
   3834
     79
   1192
   3014
   2674
    297
  16824
    839
   1014
    195
   3232
   1494
    413
   3584
   2474
   6796
  16742
   8766
  13996
  27075
   4000
    797
  95543
   4424
   2224
   1431
   1723
  14826
   1965
   1522
    379
   3962
  30699
   1266
   2468
    509
   1715
    926
   8105
   2924
    580
    970
   2474
   4737
   1867
   2008
  12996
   3322
    704
  10749
   4756
  12712
   1219
   3638
   1554
   5346
  19754
   3364
   7912
   1720
  32077
  12052
    217
   2462
  14700
   9526
   2912
   7231
    918
  21301
   5064
  12830
   7951
  10937
  49310
   7135
   2542
   1035
    443
   3134
   1813
   8134
   5104
 117193
   9001
    205
   4890
   2234
   6034
  33330
    955
   2952
   1218
   5822
  34200
    505
  38398
    701
   7066
   1860
   1845
   3194
   4180
   5700
   6746
   3752
   1341
    922
   9313
   1829
    766
    630
   2581
    669
   4571
  74864
  30075
  21030
  14567
   5320
   3654
  11951
   3404
  16642
   2129
  40662
    550
   3009
   5747
   2043
   6126
   2297
   1158
   8656
   3066
   2468
    616
   2703
    821
   2725
  16093
   1073
   2455
   1521
   7121
  32137
  14525
   6413
   2481
   2659
    786
   1375
   1073
   7032
 109306
   2008
   3836
    280
  18270
   4963
   9207
  18879
    254
   1594
   4255
  15052
    351
  57694
  14859
   6263
  35925
   2054
  12645
   2930
   3155
    918
    738
  72247
   4466
   1557
   7161
   6652
   3508
 307511
  11184
    245
   9079
   1615
 245347
   3017
  43423
    208
   2064
   6550
   4083
  59147
  17341
   1164
   6682
    214
   8406
   1982
  16794
    291
   1418
  13011
   2653
   2921
   1983
   2615
   2083
   4758
   1263
   1218
   1012
  10826
   8567
   3322
    717
  13900
   2392
   4340
   1799
   3354
   2339
   6525
    370
   3251
  36326
   2067
   1360
   3451
   2156
    691
   9584
   6717
   2075
   1835
   1408
   4767
   1896
   2356
   9453
   1723
 103604
  14539
   1229
   9968
    431
   3116
    962
  51789
 198554
   4542
   4692
   9942
  18576
   9383
    411
   1198
    701
   2329
  67585
    285
  19819
     49
   8039
   2979
   2686
     83
   2806
 102623
   4235
  14065
  10570
   9655
   3098
   1203
   4375
   3960
   6955
    512
    253
   1257
  13739
    553
   3462
   6163
  38279
   2343
    395
    619
   5712
   4513
  41471
   5317
   5914
  22980
   7232
   3752
    475
   2145
    144
    554
    314
   8307
   8778
   2742
 133144
   5398
    577
  63403
    352
   7605
   3732
  23839
   2495
  64276
   3082
    872
    731
   2599
   5004
  14327
   3246
   1847
   1603
  10940
  52996
   1757
   5811
  22262
   1898
   8154
   8071
  24641
   7491
   4499
  16212
   6145
   2124
   1093
  23092
   2020
   3035
   2377
   3368
   1273
   2794
   1656
 112593
   1678
   3578
   5844
   4269
   5032
  32114
  82387
   4959
   7527
  66858
   6423
  11089
   5267
   4232
   2740
   5555
    824
  19471
   1221
   2387
   6408
   3582
   2657
  43567
   1171
  10608
   3763
    693
  10158
   3924
   4612
   6709
    373
  11101
   3264
   1125
   1442
   7239
  14256
  10046
    306
   1684
  10146
    447
   4150
   2060
   2116
   1098
   6595
   1525
   2344
   2827
     65
   9228
    283
    990
    854
   2718
    415
   1194
   2064
    306
  18215
 198207
   2940
   7313
    341
    588
   5135
  88980
  15989
   3601
   1651
   2924
  34741
   2056
   2183
   8022
   1268
   3133
   7821
   2845
   3715
   4642
   2816
   2756
   7459
   4200
      0
   1387
   4605
   1786
  17153
    646
  17466
   1932
  54029
   2285
    361
  10032
   2001
  42131
  15591
    371
   4744
   3506
   3064
    670
  16915
   1696
   5332
   4391
   1316
   7766
  16255
   3486
   1966
   2007
   4038
   1521
   1060
   5410
    443
    434
   1142
   3502
  41063
   8511
  89706
   7118
   1347
   8623
   1747
  30876
   7019
   9750
   1007
   2988
    778
   1210
   2109
   1491
   1723
   9306
  25901
    398
   5559
  13157
   6363
   4575
    511
  45821
   4586
   6925
   1772
    128
   6059
  67374
   1312
    950
   5335
   2530
  14243
  10888
   5535
   7558
    686
    210
  12235
   2108
   2374
   6830
    198
   2776
   3516
   4829
   3319
   3701
   2289
   2696
   1446
    827
   2797
   4130
  31790
 701869
  12181
  57136
  18802
   2172
   8520
  28127
   3642
  16439
   4799
1409155
   2123
   2413
  10977
    417
    424
    506
   3472
   2103
   5430
   5068
   8392
  47627
    885
   3606
  18475
  54353
  21069
   2902
    985
   6628
 102052
  40961
    575
   1583
 103620
  67200
   3046
    608
    520
   4223
   2902
   5679
 107806
  18136
   8801
   2208
   4577
   7368
  10149
  67722
  46457
    541
   7279
   6559
   1668
   1013
  10334
   7057
  19498
    717
   2520
   2289
   8124
    766
   9719
   1547
    219
   3375
  40109
    432
  28293
  17972
   2789
   9490
    475
   4995
   2101
   3484
   2570
   4659
    563
    889
  31172
  18273
  15026
    624
    262
  47499
   3883
    618
  24389
   8638
  15140
  12768
   1535
   2069
   3419
   5842
   4391
   1705
  54400
   6658
   2587
   1907
   1240
   4529
   4172
    368
   2631
   1032
   1977
   4211
    580
  76391
   3631
  18209
  11689
   2890
  78398
  13319
   6910
   7999
  55837
   9505
    650
   7651
   1885
   3606
  30253
   5712
   9739
   3504
   5051
   5940
    702
   2846
   7769
  13290
   2215
   4130
  11557
   3117
  47800
    589
   2415
   1905
   2856
   5400
  12768
   7015
   9560
   4626
   4887
  28843
   8284
   2470
   3653
   1502
    685
  15830
   5227
   1756
   2502
   3319
   4444
   2110
    935
  17045
    614
  17032
    742
   3593
   3717
   4568
   1578
   9862
   2759
   2937
  18108
  14842
   5382
  13256
   8271
    866
   1598
  10530
   2771
  17918
   3782
   5341
   2706
  89787
   1132
  36927
  12278
  25416
   2338
  21151
   1753
   2350
  10813
    297
 146724
   8272
   1180
   4054
   1346
    831
  28177
   5894
  11925
  17086
  21154
   9394
   1953
  16661
   2022
   3348
   7462
   1590
   2512
   2364
   3391
    826
   7604
   1429
   9013
   1812
   2374
   5069
   2763
   3363
   4557
   8748
    810
    834