36149.483500
 4137.522700
 7789.635000
36307.798300
13844.506000
 3757.844800
27322.733860
13981.850350
 3490.549100
11363.283200
 4402.233000
 1391.528700
12648.703400
25992.821040
11566.300550
17626.239510
11165.417650
 7441.501000
 3392.365200
12557.605300
 1242.260000
 9414.920000
18310.742000
24059.680190
46130.526500
 2690.113800
 1621.882700
37701.876800
11362.755000
19719.694700
 7729.645750
13887.204000
 1977.815000
21677.283450
 9877.607700
 8891.139500
 8825.086000
 1253.936000
 2597.779000
13129.603450
13415.038100
 3481.868000
 6933.242250
 6610.109700
14590.632050
20420.604650
 6358.776450
 4889.036800
10713.644000
 2897.323500
 4239.892650
17496.306000
 2102.264700
 3443.064000
 6686.431300
 2867.119600
28923.136920
 2457.211150
 9704.668050
 5267.818150
 4762.329000
11353.227600
11842.442000
19798.054550
11576.130000
 5116.500400
13143.864850
45863.205000
 7639.417450
 1149.395900
 9377.904700
 1743.214000
11033.661700
 1633.961800
19496.719170
 1261.442000
11743.934100
12105.320000
 7358.175650
 8269.044000
15230.324050
12124.992400
10355.641000
 5148.552600
13607.368750
 1252.407000
 7261.741000
 5594.845500
23563.016180
 1964.780000
 4766.022000
12244.531000
 7243.813600
 2585.269000
 8627.541100
 4391.652000
 1682.597000
46661.442400
13063.883000
27375.904780
21771.342300
 2902.906500
 2457.502000
 3161.454000
 6571.544000
39125.332250
20167.336030
 2483.736000
 1639.563100
 6653.788600
 4076.497000
11356.660900
 4133.641650
13430.265000
 2498.414400
34806.467700
35160.134570
12829.455100
 5472.449000
14455.644050
 9264.797000
 2254.796700
 6710.191900
 6571.024350
17748.506200
 8556.907000
10959.330000
 1633.044400
37270.151200
 2755.020950
10976.245750
12265.506900
38792.685600
 4830.630000
 6123.568800
42111.664700
 4454.402650
35491.640000
 8116.268850
14283.459400
 8083.919800
39725.518050
16115.304500
13451.122000
 5458.046450
11455.280000
 8932.084000
 5662.225000
12622.179500
 4564.191450
 5438.749100
36910.608030
11253.421000
 4747.052900
 9225.256400
17904.527050
 4931.647000
12146.971000
28868.663900
39871.704300
11884.048580
 4237.126550
44202.653600
21880.820000
 6877.980100
 4415.158800
 6496.886000
 2250.835200
11938.255950
 6198.751800
19144.576520
 7196.867000
11436.738150
 3857.759250
20009.633650
 8605.361500
47055.532100
12815.444950
 7650.773750
 7046.722200
 4337.735200
10560.491700
37079.372000
12644.589000
 3227.121100
13224.057050
 3353.470300
 3176.815900
34838.873000
 3597.596000
 5488.262000
 8522.003000
 1163.462700
 1837.281900
42211.138200
11396.900200
11856.411500
12629.165600
 6393.603450
36219.405450
45702.022350
 5855.902500
 2203.735950
 6272.477200
38282.749500
 3044.213300
 3659.346000
11299.343000
 2221.564450
 6082.405000
11381.325400
 9872.701000
 3062.508250
 7151.092000
 7228.215650
 8551.347000
19933.458000
 8062.764000
 7337.748000
24106.912550
 5327.400250
21344.846700
 8835.264950
 8347.164300
20296.863450
 6457.843400
 2201.097100
14692.669350
 9869.810200
46113.511000
25382.297000
39722.746200
29523.165600
19107.779600
 6858.479600
 1727.540000
 4529.477000
 8569.861800
 4738.268200
12044.342000
 1842.519000
10370.912550
10928.849000
 4894.753300
10797.336200
 8334.589600
44585.455870
46889.261200
 7526.706450
 7935.291150
48675.517700
 3176.287700
13041.921000
 2302.300000
19214.705530
 7077.189400
17468.983900
11842.623750
25656.575260
 5478.036800
10848.134300
 4934.705000
 4646.759000
 4466.621400
17361.766100
49577.662400
 1980.070000
 9748.910600
 1141.445100
 8240.589600
 5354.074650
22395.744240
 5979.731000
14133.037750
 1967.022700
 1625.433750
 1674.632300
23288.928400
16657.717450
 8733.229250
34472.841000
 1731.677000
 8968.330000
 4185.097900
10269.460000
 5003.853000
41034.221400
39597.407200
42560.430400
14988.432000
 9583.893300
 8232.638800
 8603.823400
35595.589800
 8017.061150
10461.979400
 4527.182950
 2913.569000
 1984.453300
 2899.489350
20984.093600
 9290.139500
21595.382290
 9432.925300
13019.161050
 5974.384700
38998.546000
38126.246500
10825.253700
 4667.607650
 7418.522000
 2709.111900
 1705.624500
 7323.734819
 1972.950000
 4719.736550
 4243.590050
 7740.337000
 3756.621600
 4949.758700
12224.350850
63770.428010
 5976.831100
 3866.855200
10338.931600
11554.223600
 1242.816000
10982.501300
 4151.028700
 3935.179900
 9724.530000
27808.725100
 9549.565100
14254.608200
43813.866100
 4746.344000
14451.835150
 8606.217400
 1622.188500
 1137.011000
 2304.002200
 5934.379800
39556.494500
 2103.080000
 8219.203900
 5375.038000
 5125.215700
 1719.436300
 6666.243000
 8026.666600
26467.097370
 6289.754900
30063.580550
18804.752400
 9048.027300
16138.762050
11015.174700
17878.900680
 3981.976800
21259.377950
 1909.527450
 2198.189850
 9140.951000
 9788.865900
 3206.491350
 5246.047000
45710.207850
 1629.833500
24535.698550
 6600.361000
 7144.862650
 9722.769500
12032.326000
14449.854400
25678.778450
 2130.675900
36580.282160
42983.458500
 2566.470700
10226.284200
 2866.091000
13555.004900
17043.341400
 9634.538000
24667.419000
 6406.410700
40941.285400
17178.682400
 9991.037650
14001.133800
 1131.506600
 1631.668300
 6360.993600
12094.478000
 3875.734100
 6986.697000
39774.276300
43578.939400
47291.055000
40932.429500
 2219.445100
48549.178350
 6185.320800
 8582.302300
 8233.097500
10493.945800
 3021.809150
 4687.797000
47305.305000
 5253.524000
 3046.062000
 2464.618800
24227.337240
40974.164900
 5910.944000
 5245.226900
12231.613600
11848.141000
11512.405000
 2699.568350
 1632.564450
14319.031000
10806.839000
10156.783200
 1261.859000
11187.656700
10381.478700
 1646.429700
 3906.127000
 6311.952000
12592.534500
13974.455550
10736.870750
 4906.409650
13228.846950
 4438.263400
13635.637900
11264.541000
46200.985100
 9411.005000
 4504.662400
45008.955500
43753.337050
 2203.471850
17352.680300
19964.746300
 9620.330700
12479.708950
 9617.662450
33750.291800
 1121.873900
 1837.237000
 2473.334100
 9861.025000
11837.160000
 2801.258800
 6781.354200
17663.144200
 3693.428000
 2196.473200
35147.528480
 7749.156400
20745.989100
12643.377800
 7152.671400
24476.478510
12741.167450
10118.424000
 3070.808700
16577.779500
12913.992400
 5012.471000
19521.968200
10096.970000
16455.707850
 4433.915900
 7147.472800
 3994.177800
 1759.338000
13919.822900
44641.197400
26392.260290
11085.586800
36085.219000
12957.118000
52590.829390
23082.955330
 2404.733800
 1725.552300
 7345.726600
 4827.904950
 8516.829000
13770.097900
13112.604800
17942.106000
 6079.671500
 7441.053000
 5240.765000
12029.286700
27117.993780
 1634.573400
 8823.985750
 6373.557350
15161.534400
 9283.562000
24520.264000
46255.112500
10422.916650
19040.876000
37484.449300
 4670.640000
 9875.680400
 7265.702500
19350.368900
 5383.536000
48517.563150
29330.983150
20149.322900
44501.398200
 2155.681500
 4536.259000
13047.332350
 3989.841000
 5272.175800
 8342.908750
 8765.249000
15006.579450
 3847.674000
 5966.887400
 1635.733650
47269.854000
 6500.235900
11073.176000
 3077.095500
 1704.568100
 1256.299000
13217.094500
 8457.818000
 3766.883800
 5649.715000
18955.220170
 7726.854000
 2150.469000
23967.383050
34617.840650
 5920.104100
25333.332840
 4462.721800
 7445.918000
 5227.988750
11674.130000
 2727.395100
 9174.135650
 3393.356350
 4260.744000
13937.666500
21232.182260
16884.924000
27000.984730
20462.997660
 4544.234800
23306.547000
 3956.071450
12485.800900
47403.880000
24869.836800
 2137.653600
12979.358000
48673.558800
42969.852700
 5312.169850
11482.634850
 8520.026000
 7160.330300
12363.547000
11488.316950
 4562.842100
 1708.001400
 7133.902500
 8671.191250
 7518.025350
11729.679500
12430.953350
18648.421700
12949.155400
 6664.685950
14901.516700
 4753.636800
 1875.344000
41919.097000
24180.933500
21082.160000
 6435.623700
12950.071200
 3471.409600
 3213.622050
 3279.868550
47462.894000
 5699.837500
 2138.070700
 3292.529850
11305.934550
 8413.463050
 3537.703000
15359.104500
36837.467000
21098.554050
10579.711000
 8162.716250
13747.872350
16085.127500
19023.260000
 9863.471800
 2709.243950
 9222.402600
 8277.523000
 9957.721600
10942.132050
 7640.309200
 4718.203550
 2154.361000
 4320.410850
14313.846300
26140.360300
 7742.109800
 9058.730300
 7443.643050
11735.879050
 2710.828550
 7281.505600
 7954.517000
18963.171920
33471.971890
 9625.920000
 8534.671800
33475.817150
 5757.413450
 2689.495400
 8601.329300
35069.374520
 2396.095900
 3385.399150
 6414.178000
 7448.403950
 4189.113100
 1532.469700
12646.207000
13457.960800
 9541.695550
 9850.432000
14256.192800
21195.818000
10977.206300
41949.244100
 4441.213150
11946.625900
 4618.079900
 3309.792600
 1708.925750
 9288.026700
 2166.732000
10601.632250
14007.222000
 5400.980500
 5926.846000
 8252.284300
13429.035400
18259.216000
12347.172000
47896.791350
 9880.068000
11345.519000
 2741.948000
23568.272000
55135.402090
18157.876000
14235.072000
 1146.796600
15828.821730
41661.602000
11944.594350
17128.426080
11833.782300
11394.065550
11987.168200
38245.593270
22462.043750
 9487.644200
 7537.163900
10085.846000
28287.897660
 8596.827800
 4149.736000
19594.809650
 7201.700850
30184.936700
 9964.060000
12142.578600
14474.675000
13470.804400
 1981.581900
12233.828000
17081.080000
 4992.376400
12629.896700
22192.437110
 8310.839150
 5836.520400
 9504.310300
 3554.203000
 2156.751800
 1728.897000
12981.345700
 1615.766700
 2007.945000
27533.912900
13462.520000
13616.358600
11163.568000
12730.999600
 3558.620250
 5257.507950
 4350.514400
 2020.177000
 4435.094200
 4846.920150
46718.163250
43254.417950
38511.628300
11763.000900
33907.548000
11070.535000
 4719.524050
 6334.343550
 1664.999600
 1241.565000
15820.699000
 6985.506950
23241.474530
 9144.565000
 3180.510100
 6548.195050
 2322.621800
 9910.359850
 1631.821200
 4837.582300
 8782.469000
 8211.100200
 8964.060550
37465.343750
51194.559140
32734.186300
 6875.961000
18223.451200
46151.124500
 4922.915900
42856.838000
 1824.285400
27218.437250
17179.522000
 4040.558250
14394.557900
 2217.469150
13012.208650
 5124.188700
 4074.453700
 4751.070000
 3591.480000
30166.618170
 7173.359950
14711.743800
10107.220600
 2362.229050
12890.057650
15170.069000
11743.299000
18767.737700
33900.653000
10602.385000
 3877.304250
16420.494550
 3594.170850
21978.676900
 6796.863250
 2117.338850
12323.936000
 5373.364250
 2026.974100
20177.671130
 3556.922300
38344.566000
28468.919010
40273.645500
26018.950520
 2261.568800
 4571.413050
 2527.818650
 6113.231050
10965.446000
23887.662700
47928.030000
 8930.934550
 4883.866000
 8059.679100
 1880.487000
15817.985700
 4449.462000
12096.651200
 9101.798000
12609.887020
 3410.324000
12495.290850
 9500.573050
39836.519000
 3366.669700
12222.898300
 2775.192150
10702.642400
 1748.774000
 3268.846650
26236.579970
34439.855900
 8023.135450
 3167.455850
24915.046260
10923.933200
 1702.455300
17085.267600
 7222.786250
10407.085850
11150.780000
 9095.068250
19442.353500
 1534.304500
 8515.758700
33307.550800
 2789.057400
 3704.354500
 1877.929400
47496.494450
 3579.828700
 2974.126000
13143.336650
10214.636000
41097.161750
 6849.026000
27724.288750
 3172.018000
10594.501550
 6238.298000
36197.699000
 3378.910000
 6117.494500
 9855.131400
 2730.107850
 4349.462000
 5266.365600
10704.470000
21797.000400
 8823.279000
20773.627750
12404.879100
 7419.477900
11741.726000
16796.411940
25081.767840
 4686.388700
37742.575700
13390.559000
29141.360300
42124.515300
 5002.782700
 1704.700150
 1135.940700
18033.967900
 1769.531650
 7371.772000
28101.333050
 6551.750100
 4795.656800
10231.499900
14571.890800
 8539.671000
35585.576000
 1621.340200
10141.136200
39047.285000
 4915.059850
40419.019100
13393.756000
 2200.830850
 1727.785000
 2855.437550
 1632.036250
 1815.875900
 7256.723100
32787.458590
30259.995560
 8965.795750
 1712.227000
19539.243000
34828.654000
 5377.457800
14043.476700
 9447.250350
 5138.256700
22478.600000
43896.376300
 5031.269550
33732.686700
10577.087000
 2850.683750
36950.256700
 2639.042900
12333.828000
14394.398150
 1628.470900
 7421.194550
 3947.413100
22493.659640
 1744.465000
16297.846000
 7209.491800
 2803.697850
21659.930100
20630.283510
23807.240600
 4032.240700
 6770.192500
 2632.992000
 2136.882250
 1607.510100
 2395.171550
18765.875450
 2055.324900
34254.053350
10450.552000
 3736.464700
 5693.430500
34166.273000
36021.011200
13126.677450
 4673.392200
34779.615000
20781.488920
 3484.331000
 5729.005300
20709.020340
 2585.850650
10065.413000
12797.209620
16232.847000
 4266.165800
39241.442000
18806.145470
 8428.069300
 6184.299400
 3171.614900
 4340.440900
10600.548300
 8703.456000
 1526.312000
 1263.249000
16776.304050
 9800.888200
39983.425950
34672.147200
11326.714870
42760.502200
 5152.134000
 2205.980800
16450.894700
 6948.700800
 5325.651000
11657.718900
 1969.614000
 1906.358250
 1880.070000
 7731.427100
11534.872650
34303.167200
 3238.435700
 4433.387700
 1711.026800
10959.694700
 7623.518000
43921.183700
 3761.292000
 2680.949300
 6186.127000
12475.351300
 2927.064700
10807.486300
 6748.591200
 6356.270700
32548.340500
11365.952000
12574.049000
21348.706000
 6837.368700
 8538.288450
 6593.508300
17560.379750
 5080.096000
12925.886000
 9304.701900
 3277.161000
24513.091260
10106.134250
38415.474000
 4005.422500
11945.132700
24603.048370
 2904.088000
23244.790200
10601.412000
21223.675800
 6940.909850
 6402.291350
 8442.667000
40103.890000
15555.188750
15019.760050
48824.450000
37133.898200
 2352.968450
 8615.300000
 7162.012200
 7348.142000
12523.604800
37607.527700
 5428.727700
39727.614000
13822.803000
 3500.612300
 7624.630000
27346.042070
19673.335730
 4399.731000
14210.535950
 2134.901500
 4779.602300
40182.246000
14410.932100
 2459.720100
25517.113630
13880.949000
 7160.094000
40720.551050
11454.021500
 6338.075600
28950.469200
40904.199500
11272.331390
11082.577200
37165.163800
 9301.893550
10594.225700
14358.364370
 8302.535650
23045.566160
 7682.670000
14418.280400
20878.784430
38709.176000
12928.791100
 5969.723000
 1720.353700
26926.514400
 4357.043650